0.043577 878
0.176236 6
0.000140 29
0.000879 590
0.000050 166
0.001956 819
0.000040 49
0.000088 7
0.000886 12
0.000172 8
0.733523 19
0.069360 30
0.147262 41
0.073627 44
0.112582 1
0.133109 10
0.103002 8
0.141773 1
0.673636 7
0.002786 6
0.000054 130
0.000215 3
0.000843 22
0.002636 11
0.039200 23
0.000389 21
0.000016 11
0.000398 44
1.454064 1
0.101520 1
0.121492 1
0.116957 2
0.000192 66
0.481681 1
0.087631 1
0.083096 1
0.189322 2
0.000039 22
0.001328 107
0.002678 78
0.000012 20
0.007685 868
0.000097 7
0.001073 8
1.029767 11
