0.046128 801
0.184333 6
0.000146 29
0.000723 593
0.000163 158
0.001451 677
0.000079 7
0.000858 12
0.000155 8
0.923507 19
0.085916 30
0.106975 41
0.105698 44
0.141919 7
0.002949 6
0.000024 114
0.000012 12
0.000383 3
0.001861 18
0.002628 34
0.051588 99
0.002058 98
0.006603 677
0.000109 7
0.001177 8
0.863823 19
0.377911 30
0.363940 41
0.125908 84
0.685158 7
0.007447 6
0.000009 97
0.000009 57
0.000020 12
0.000378 3
0.000806 37
0.001262 17
0.000314 99
0.000521 55
0.000062 36
0.000268 35
0.002417 78
0.000029 20
0.010395 816
0.000208 7
0.001945 8
2.675639 19
0.110084 22
0.232238 37
0.595661 7
0.008364 6
0.000064 152
0.000315 3
0.000810 89
0.028186 399
0.000498 99
0.002567 78
0.000026 20
0.007563 816
0.000100 7
0.001294 8
6.321643 76
0.002255 676
1.545704 11
0.120503 31
0.211233 32
0.223414 16
0.232833 73
1.326057 7
0.000119 7
0.002951 6
0.000064 165
0.000344 3
0.000762 15
0.000009 15
0.001584 55
0.858346 1
0.217187 2
0.000130 36
0.000094 35
0.000859 48
0.000519 99
0.003244 98
0.012824 677
0.000262 7
0.002185 8
1.694895 11
